# id	left	top	right	bottom	texture_id
[SPRITES]
// da co
20001	16	0	32	15	50
20002	16	0	32	15	50
20003	16	0	32	15	50
// da vs dat 1
20004	0	17	15	32	50
20005	17	17	32	32	50
20006	34	17	49	32	50

// da 2
20007	0	85	15	100	50
20008	17	85	32	100	50
20009	34	85	49	100	50

20010	0	68	15	83	50

//cot da
20012	2016	0	2048	2048	60
20016	256	0	300	2048	60
20013	210	0	301	2048	60
20014	482	1244	560	1644	60
20015	657	1052	750	1386	60


//background
20011	0	0	2048	2048	60

# ani_id	sprite1_id	time1	sprite2_id	time2	...
[ANIMATIONS]
10000	20001	1000
99999	20011	1000