# id	left	top	right	bottom	texture_id
[SPRITES]
## BLACK WALKER #################################################################
#WARKLEFT
31001	91	2	103	26	11
31002	108	2	120	26	11
#WARKRIGHT
31003	133	2	146	26	11
31004	150	2	162	26	11
#DIE
32001	44	19	62	30	10
## FLYING BOMB #################################################################
#LEFT
31011	71	9	87	26	11
31012	52	6	68	26	11
#RIGHT
31013	166	9	182	26	11
31014	185	6	201	26	11
#DIE
31015	44	19	62	30	10

## BATTLE HEAD #################################################################
#LEFT
31050	104	32	121	46	11
31051	84	29	101	46	11
31052	64	32	81	46	11
31053	44	37	61	46	11
#RIGHT
31054	132	32	149	46	11
31055	152	32	169	46	11
31056	172	32	189	46	11
31057	192	32	209	46	11
#DIE
31058	52	6	68	26	11
## BOUNCING BOMB #################################################################
31060	258	12	267	21	33
31061	54	158	70	175	33
## ROTATIN GUN #################################################################
31070	30	57	47	74	11
31071	50	57	63	74	11
31072	190	57	203	74	11
31073	206	57	223	74	11
## PLATFORM WALKER #################################################################
##RIGHT
31080	150	77	164	94	11
31081	168	77	185	94	11
31082	186	92	203	106	11
31083	186	110	202	126	11
31084	171	124	184	141	11
31085	151	124	167	140	11
31086	132	112	149	126	11
31087	133	92	149	108	11
##LEFT
31090	89	77	103	94	11
31091	70	78	85	94	11
31092	50	92	67	106	11
31093	51	110	67	126	11
31094	68	124	82	141	11
31095	86	124	102	140	11
31096	104	112	121	126	11
31097	104	92	120	108	11
## GUN WALKER #################################################################
31100	132	49	157	74	11
31101	161	49	186	74	11
## BEEHEAD #################################################################
31110	87	146	102	162	11
31111	106	146	121	162	11
## JELLYFISH #################################################################
31120	44	146	61	162	11
31121	65	146	82	162	11

# ani_id	sprite1_id	time1	sprite2_id	time2	...
[ANIMATIONS]
5000	31001	100	31002	100
5001	32001	100
5002	31001	100	31002	100
5003	31003	100	31004	100
## FLYING BOMB #################################################################
5101	31011	100
5102	31011	100
5103	31011	100
5104	31013	100
5105	31011	100
5106	31014	100
5107	31012	100
## FLYING BOMB #################################################################
5201	31011	100
5202	31050	100	31051	100	31052	100	31053	100
5203	31054	100	31055	100	31056	100	31057	100
## BOUNCING BOMB #################################################################
7001	31060	100
7002	31061	100

## ROTATIN GUN #################################################################
7011	31070	100
7012	31070	100	31071	100	31072	100	31073	100

## PLATFORM WALKER #################################################################
// right right
7031	31080	100	31081	100
// right down
7032	31082	100	31083	100
//right left
7033	31084	100	31085	100
// right up
7034	31086	100	31087	100

// left left
7041	31090	100	31091	100
// left down
7044	31092	100	31093	100
// left right
7043	31094	100	31095	100
// left up
7042	31096	100	31097	100

## GUN WALKER #################################################################
7050	31100	100	31101	100
7051	31096	100	31097	100
## BEE HEAD #################################################################
7060	31110	100	31111	100
7061	31100	100	31101	100
## JELLY FISH #################################################################
7070	31120	100	31121	100
7071	31121	100	31101	100
