# id	left	top	right	bottom	texture_id
[SPRITES]
#####  BIG ###############
#IDLE
11121	72	32	95	63	30
11111	48	32	71	63	30
11131	3	1	21	31	30
11141	3	96	20	127	30

#WALKING RIGHT
11222	96	32	119	63	30
11223	120	32	143	63	30

#WALKING LEFT
11212	24	32	47	63	30
11213	0	32	23	63	30

#WALKING UP
11132	26	0	45	31	30
11133	50	0	69	31	30

#WALKING DOWN
11142	26	96	45	127	30
11143	50	96	69	127	30


#DIE
13001	215	120	234	137	0

############ SMALL ################
 #IDLE
12121	175	7	184	23	32
12111	72	32	95	63	30

#WALK RIGHT
12222	275	0	292	15	0
12223	306	0	321	15	0

#WALK LEFT
12212	155	0	170	15	0
12213	125	0	140	15	0


# ani_id	sprite1_id	time1	sprite2_id	time2	...
[ANIMATIONS]
#IDLE - BIG
400	11121	100
401	11111	100
402	11131	100
403	11141	100
#IDLE - SMALL
700	12121	100
701	11111	100
702	11131	100
703	11141	100

#WALKING RIGHT & LEFT 
500	11121	100	11222	100	11223	100
501	11111	100	11212	100	11213	100
502	11131	100	11132	100	11133	100
503	11141	100	11142	100	11143	100



#DIE
999	13001	100

################### SMALL #################

