# id	left	top	right	bottom	texture_id
[SPRITES]
#WARKLEFT
31113	127	22	152	39	31
31114	127	63	152	79	31
31115	127	104	152	119	31
31123	87	22	112	39	31
31124	87	63	112	79	31
31125	87	104	112	119	31
31133	47	22	72	39	31
31134	47	63	72	79	31
31135	47	104	72	119	31
31143	7	22	32	39	31
31144	7	63	32	79	31
31145	7	104	32	119	31
#WARKRIGHT
31013	167	22	192	39	31
31014	167	63	192	79	31
31015	167	104	192	119	31
31023	207	22	232	39	31
31024	207	63	232	79	31
31025	207	104	232	119	31
31033	247	22	272	39	31
31034	247	63	272	79	31
31035	247	104	272	119	31
31043	287	22	312	39	31
31044	287	63	312	79	31
31045	287	104	312	119	31

#JUMP LEFT
31146	127	219	152	239	31
31147	87	219	112	239	31
31148	47	219	72	239	31
31149	7	219	32	239	31

#JUMP RIGHT
31046	167	219	192	239	31
31047	207	219	232	239	31
31048	247	219	272	239	31
31049	287	219	312	239	31

#OPEN
31150	7	574	32	599	31
31050	47	574	72	599	31

#SHOOT TOP LEFT
31151	131	406	156	439	31
31152	91	406	116	439	31
31153	51	406	76	439	31
31154	11	406	36	439	31

#SHOOT TOP RIGHT
31051	163	406	188	439	31
31052	203	406	228	439	31
31053	243	406	268	439	31
31054	283	406	308	439	31

#SHOOT DIAGONAL LEFT
31155	128	294	152	319	31
31156	88	294	112	319	31
31157	48	294	72	319	31
31158	8	294	32	319	31

#SHOOT DIAGONAL RIGHT
31055	167	294	191	319	31
31056	207	294	231	319	31
31057	247	294	271	319	31
31058	287	294	311	319	31

#DIE
32001	44	19	62	30	10

# ani_id	sprite1_id	time1	sprite2_id	time2	...
[ANIMATIONS]
1502	31113	50	31114	50	31115	50	31123	50	31124	50	31125	50	31133	50	31134	50	31135	50	31143	50	31144	50	31145	50
1503	31013	50	31014	50	31015	50	31023	50	31024	50	31025	50	31033	50	31034	50	31035	50	31043	50	31044	50	31045	50
1504	31146	100	31147	100	31148	100	31149	100
1505	31046	100	31047	100	31048	100	31046	100
1506	31114	100	31124	100	31134	100	31144	100
1507	31014	100	31024	100	31034	100	31044	100
1508	31150	100
1509	31050	100
1510	31151	100	31152	100	31153	100	31154	100
1511	31051	100	31052	100	31053	100	31054	100
1512	31155	100	31156	100	31157	100	31158	100
1513	31055	100	31056	100	31057	100	31058	100